0.0 1.0
0.1 1.078
0.2 1.119
0.3 1.121
0.4 1.086
0.5 1.020
0.6 0.927
0.7 0.814
0.8 0.688
0.9 0.555
1.0 0.425
1.1 0.303
1.2 0.196
1.3 0.108
1.4 0.045
1.5 0.009
1.6 0.001
1.7 0.021
1.8 0.069
1.9 0.144
2.0 0.244
2.1 0.364
2.2 0.501
2.3 0.649
2.4 0.803
2.5 0.958
2.6 1.107
2.7 1.246
2.8 1.369
2.9 1.472
3.0 1.551
3.1 1.603
3.2 1.625
3.3 1.615
3.4 1.574
3.5 1.503
3.6 1.404
3.7 1.282
3.8 1.141
3.9 0.988
4.0 0.829
4.1 0.671
4.2 0.521
4.3 0.385
4.4 0.268
4.5 0.176
4.6 0.113
4.7 0.081
4.8 0.082
4.9 0.117
5.0 0.185
5.1 0.283
5.2 0.407
5.3 0.552
5.4 0.712
5.5 0.880
5.6 1.050
5.7 1.214
5.8 1.365
5.9 1.496
6.0 1.603
6.1 1.681
6.2 1.727
6.3 1.738
6.4 1.714
6.5 1.656
6.6 1.564
6.7 1.444
6.8 1.300
6.9 1.137
7.0 0.963
7.1 0.784
7.2 0.609
7.3 0.444
7.4 0.297
7.5 0.174
7.6 0.081
7.7 0.021
7.8 -0.003
7.9 0.010
8.0 0.057
8.1 0.138
8.2 0.250
8.3 0.388
8.4 0.547
8.5 0.722
8.6 0.904
8.7 1.088
8.8 1.265
8.9 1.429
9.0 1.572
9.1 1.691
9.2 1.779
9.3 1.834
9.4 1.851
9.5 1.830
9.6 1.771
9.7 1.674
9.8 1.543
9.9 1.382
10.0 1.194